1000.  0.000695756113  7.74839646E-05
  1034.59705  0.000648784102  6.81318343E-05
  1070.39099  0.000604809553  5.98652041E-05
  1107.42334  0.000563560985  5.26689437E-05
  1145.73682  0.000525093055  4.64486257E-05
  1185.37585  0.000489181606  4.09627319E-05
  1226.38635  0.000455638394  3.61217099E-05
  1268.81555  0.000424293947  3.1830612E-05
  1312.71277  0.000394960109  2.80183085E-05
  1358.12866  0.000367482397  2.46574164E-05
  1405.11584  0.000341726525  2.1697846E-05
  1453.72864  0.000317553466  1.90910305E-05
  1504.02332  0.000294816855  1.67909166E-05
  1556.05798  0.000273331651  1.47468218E-05
  1609.89282  0.000252880272  1.29507334E-05
  1665.59045  0.000233153987  1.13731148E-05
  1723.21472  0.000213525782  9.9878589E-06
  1782.83289  0.000191989981  8.75554815E-06
  1844.51355  0.00016185845  4.15630675E-05
  1908.328  0.000172219748  3.69687623E-05
  1974.35059  0.000167954771  3.28821225E-05
  2042.6571  0.000160867683  2.92379154E-05
  2113.32715  0.000152929555  2.59687713E-05
  2186.44165  0.000144743739  2.30330315E-05
  2262.08594  0.00013660379  2.04124735E-05
  2340.34717  0.000128664644  1.80765765E-05
  2421.31641  0.000121003206  1.59965512E-05
  2505.08667  0.000113663409  1.41464643E-05
  2591.75513  0.000106668325  1.25028446E-05
  2681.42188  0.000100025267  1.10438605E-05
  2774.19116  9.37357181E-05  9.74905379E-06
  2870.16992  8.77933417E-05  8.6018772E-06
  2969.46899  8.21887952E-05  7.58563647E-06
  3072.20386  7.69125036E-05  6.68645862E-06
  3178.49268  7.19502932E-05  5.89122283E-06
  3288.45923  6.72889946E-05  5.18830211E-06
  3402.22998  6.29136994E-05  4.56732823E-06
  3519.93701  5.88101684E-05  4.01916213E-06
  3641.71631  5.49641227E-05  3.53549103E-06
  3767.7085  5.13612104E-05  3.10896758E-06
  3898.06006  4.79876035E-05  2.73287469E-06
  4032.92139  4.48301034E-05  2.40147983E-06
  4172.44824  4.18760501E-05  2.10965345E-06
  4316.80273  3.9113278E-05  1.85279316E-06
  4466.15088  3.65300257E-05  1.62674462E-06
  4620.66602  3.4115179E-05  1.4278869E-06
  4780.52734  3.18583661E-05  1.25299709E-06
  4945.91895  2.97494753E-05  1.09930147E-06
  5117.0332  2.77791096E-05  9.64200581E-07
  5294.06689  2.59385051E-05  8.45531019E-07
  5477.22559  2.42193837E-05  7.41305598E-07
  5666.72119  2.26137599E-05  6.49777746E-07
  5862.77295  2.1114296E-05  5.694489E-07
  6065.60742  1.9714098E-05  4.98946292E-07
  6275.45947  1.84067176E-05  4.37105683E-07
  6492.57129  1.71859556E-05  3.82842757E-07
  6717.19434  1.60462314E-05  3.35274137E-07
  6949.58936  1.49821408E-05  2.93563403E-07
  7190.02441  1.39886824E-05  2.57001091E-07
  7438.77734  1.30611852E-05  2.24957432E-07
  7696.13672  1.21953208E-05  1.96883349E-07
  7962.3999  1.13869683E-05  1.72287756E-07
  8237.875  1.06323387E-05  1.50744683E-07
  8522.88086  9.92784135E-06  1.3187956E-07
  8817.74707  9.27013753E-06  1.15361026E-07
  9122.81445  8.6561231E-06  1.00900941E-07
  9438.43652  8.08287768E-06  8.82454074E-08
  9764.97852  7.54773009E-06  7.7168302E-08
  10102.8164  7.0481201E-06  6.74761438E-08
  10452.3438  6.581663E-06  5.89954041E-08
  10813.9639  6.14618557E-06  5.15766914E-08
  11188.0938  5.73958732E-06  4.50884556E-08
  11575.1689  5.35999015E-06  3.94141573E-08
  11975.6348  5.00554233E-06  3.44523094E-08
  12389.9561  4.67462996E-06  3.01148297E-08
  12818.6113  4.36563596E-06  2.63227271E-08
  13262.0967  4.07713196E-06  2.30084396E-08
  13720.9258  3.80774532E-06  2.01116066E-08
  14195.6279  3.55621182E-06  1.75801738E-08
  14686.7539  3.3213264E-06  1.5368343E-08
  15194.8721  3.10200153E-06  1.34354439E-08
  15720.5684  2.89719287E-06  1.17462307E-08
  16264.4541  2.7059391E-06  1.0270516E-08
  16827.1543  2.52734003E-06  8.98151065E-09
  17409.3223  2.36055575E-06  7.85575072E-09
  18011.6328  2.2048032E-06  6.87254964E-09
  18634.7832  2.05934111E-06  6.01394134E-09
  19279.4902  1.92350694E-06  5.26418242E-09
  19946.502  1.79664414E-06  4.60952876E-09
  20636.5918  1.67816233E-06  4.03737843E-09
  21350.5547  1.56750787E-06  3.53821328E-09
  22089.2207  1.46416573E-06  3.10278137E-09
  22853.4414  1.36764641E-06  2.72286704E-09
  23644.1016  1.2774974E-06  2.39136932E-09
  24462.1172  1.19330343E-06  2.10209605E-09
  25308.4316  1.11466829E-06  1.8496179E-09
  26184.0273  1.04121841E-06  1.62921787E-09
  27089.916  9.72616021E-07  1.43679169E-09
  28027.1445  9.08541494E-07  1.26873556E-09
  28996.8008  8.48692764E-07  1.12193443E-09
  30000.0039  7.92791013E-07  9.93649385E-10