1000.  0.000274304242  3.01564287E-05
1034.59705  0.000256262603  2.65702329E-05
1070.39099  0.000239376401  2.33835181E-05
1107.42334  0.000223550931  2.05709584E-05
1145.73682  0.000208739919  1.8096729E-05
1185.37585  0.000194889377  1.5920421E-05
1226.38635  0.000181945084  1.40058273E-05
1268.81555  0.000169855048  1.2313435E-05
1312.71277  0.000158550873  1.08141985E-05
1358.12866  0.000147986095  9.49719197E-06
1405.11584  0.00013811847  8.34074126E-06
1453.72864  0.000128905624  7.32492344E-06
1504.02332  0.000120306613  6.43027352E-06
1556.05798  0.000112277179  5.6407257E-06
1609.89282  0.000104780796  4.94793949E-06
1665.59045  9.77840464E-05  4.34025242E-06
1723.21472  9.12554606E-05  3.80724532E-06
1782.83289  8.5163796E-05  3.3370934E-06
1844.51355  7.94778316E-05  2.92410527E-06
1908.328  7.41718759E-05  2.56227509E-06
1974.35059  6.92209942E-05  2.24523296E-06
2042.6571  6.460242E-05  1.96787914E-06
2113.32715  6.02934851E-05  1.72341436E-06
2186.44165  5.62727582E-05  1.50903577E-06
2262.08594  5.25212999E-05  1.32106186E-06
2340.34717  4.90209677E-05  1.15627995E-06
2421.31641  4.57549941E-05  1.0118282E-06
2505.08667  4.27076739E-05  8.85254565E-07
2591.75513  3.98643206E-05  7.74356636E-07
2681.42188  3.72112772E-05  6.77211005E-07
2774.19116  3.47356763E-05  5.92111178E-07
2870.16992  3.24255961E-05  5.17600995E-07
2969.46899  3.02699609E-05  4.52356232E-07
3072.20386  2.82583587E-05  3.95243319E-07
3178.49268  2.6381158E-05  3.45244445E-07
3288.45923  2.46292311E-05  3.01491525E-07
3402.22998  2.29942452E-05  2.63213877E-07
3519.93701  2.14683096E-05  2.29726865E-07
3641.71631  2.00441482E-05  2.00434044E-07
3767.7085  1.87148744E-05  1.74822745E-07
3898.06006  1.74741472E-05  1.52430289E-07
4032.92139  1.63160184E-05  1.3288232E-07
4172.44824  1.5234994E-05  1.15791764E-07
4316.80273  1.42258677E-05  1.00881557E-07
4466.15088  1.32838677E-05  8.78781421E-08
4620.66602  1.24044946E-05  7.65375177E-08
4780.52734  1.1583561E-05  6.66499673E-08
4945.91895  1.08171625E-05  5.80318869E-08
5117.0332  1.01016485E-05  5.05199793E-08
5294.06689  9.43365649E-06  4.3974854E-08
5477.22559  8.8099705E-06  3.82711569E-08
5666.72119  8.22767379E-06  3.33046088E-08
5862.77295  7.68398149E-06  2.89783326E-08
6065.60742  7.17632884E-06  2.52114916E-08
6275.45947  6.70232248E-06  2.19318839E-08
6492.57129  6.25971143E-06  1.90774934E-08
6717.19434  5.84641703E-06  1.65934555E-08
6949.58936  5.46047931E-06  1.44326036E-08
7190.02441  5.10008249E-06  1.25526611E-08
7438.77734  4.76353534E-06  1.09179883E-08
7696.13672  4.44924763E-06  9.4963335E-09
7962.3999  4.15574641E-06  8.2605025E-09
8237.875  3.88164608E-06  7.18587234E-09
8522.88086  3.62566198E-06  6.25172358E-09
8817.74707  3.38659447E-06  5.44008971E-09
9122.81445  3.16332012E-06  4.7349018E-09
9438.43652  2.95479117E-06  4.12241041E-09
9764.97852  2.76003425E-06  3.59040309E-09
10102.8164  2.57813576E-06  3.12832116E-09
10452.3438  2.40824374E-06  2.72678546E-09
10813.9639  2.24956375E-06  2.37816322E-09
11188.0938  2.10135568E-06  2.07551154E-09
11575.1689  1.96292444E-06  1.81277038E-09
11975.6348  1.83362363E-06  1.58473124E-09
12389.9561  1.71285205E-06  1.38680456E-09
12818.6113  1.60004447E-06  1.21501997E-09
13262.0967  1.4946736E-06  1.06591846E-09
13720.9258  1.3962499E-06  9.36497768E-10
14195.6279  1.30431442E-06  8.24155133E-10
14686.7539  1.21843834E-06  7.26621263E-10
15194.8721  1.1382208E-06  6.41801556E-10
15720.5684  1.06328969E-06  5.6790872E-10
16264.4541  9.93295089E-07  5.036912E-10
16827.1543  9.27912083E-07  4.47848703E-10
17409.3223  8.66836217E-07  3.99266287E-10
18011.6328  8.09783558E-07  3.56980112E-10
18634.7832  7.5648768E-07  3.20144272E-10
19279.4902  7.06702224E-07  2.88029295E-10
19946.502  6.60195155E-07  2.60352101E-10
20636.5918  6.16751151E-07  2.35526848E-10
21350.5547  5.76166826E-07  2.13500592E-10
22089.2207  5.38254312E-07  1.9420654E-10
22853.4414  5.02838077E-07  1.7727167E-10
23644.1016  4.69753218E-07  1.62377362E-10
24462.1172  4.38845717E-07  1.49247253E-10
25308.4316  4.09973097E-07  1.37645909E-10
26184.0273  3.83000526E-07  1.27368241E-10
27089.916  3.57803344E-07  1.18239848E-10
28027.1445  3.34264229E-07  1.1010938E-10
28996.8008  3.12274466E-07  1.02846703E-10
30000.0039  2.91731396E-07  9.63393115E-11